P|BUSE2N|03|BUSEN|0|5
S| |91000000|181000000| |CA|0|2600|0|0|0|0|1|2000|0|0|0|0|0
S|PT416|38828056|-9021667| |DF|0|0|0|0|0|0|1|3000|0|0|0|0|0
S|MONUR|38641644|-8996561| |TF|0|0|0|0|0|0|1|6000|0|0|0|0|0
S|MONUR|38641644|-8996561| |IF|0|0|0|0|0|0|1|6000|0|0|0|0|0
S|BUSEN|38545000|-10000000| |TF|0|0|0|0|0|0|0|0|0|0|0|0|0

P|BUSE2N|35|BUSEN|0|5
S| |91000000|181000000| |CA|0|35100|0|0|0|0|1|2000|0|0|0|0|0
S|PT416|38828056|-9021667| |DF|2|0|0|0|0|0|1|3000|0|0|0|0|0
S|MONUR|38641644|-8996561| |TF|0|0|0|0|0|0|1|6000|0|0|0|0|0
S|MONUR|38641644|-8996561| |IF|0|0|0|0|0|0|1|6000|0|0|0|0|0
S|BUSEN|38545000|-10000000| |TF|0|0|0|0|0|0|0|0|0|0|0|0|0

P|BUSE2S|21|BUSEN|0|3
S| |91000000|181000000| |CA|0|20600|0|0|0|0|1|780|0|0|0|0|0
S|NETVO|38640000|-9211389|ESP|CF|0|20600|1300|35770|800|0|1|3000|0|1|0|0|0
S|BUSEN|38545000|-10000000| |TF|0|0|0|0|0|0|0|0|0|0|0|0|0

P|ESP3N|03|ESP|0|3
S|ROKOB|38853056|-9097500| |DF|0|0|0|0|0|0|1|3000|0|0|0|0|0
S|ERUKU|38792500|-8983056| |TF|2|0|0|0|0|0|1|4000|0|0|0|0|0
S|ESP|38424139|-9185667| |TF|0|0|0|0|0|0|0|0|0|0|0|0|0

P|ESP3N|35|ESP|0|4
S|DER35|38786233|-9137272| |DF|0|0|0|0|0|0|0|0|0|1|0|0|0
S|ROKOB|38853056|-9097500| |DF|0|0|0|0|0|0|1|3000|0|0|0|0|0
S|ERUKU|38792500|-8983056| |TF|2|0|0|0|0|0|1|4000|0|0|0|0|0
S|ESP|38424139|-9185667| |TF|0|0|0|0|0|0|0|0|0|0|0|0|0

P|ESP5S|21|ESP|0|2
S|NETVO|38640000|-9211389| |DF|0|0|0|0|0|0|1|3000|0|0|0|0|0
S|ESP|38424139|-9185667| |TF|0|0|0|0|0|0|1|4000|0|0|0|0|0

P|EXON9S|21|EXONA|0|4
S| |91000000|181000000| |CA|0|20600|0|0|0|0|1|780|0|0|0|0|0
S|NETVO|38640000|-9211389|ESP|CF|0|20600|1300|35770|800|0|1|3000|0|1|0|0|0
S|GUDAV|38650556|-8583333| |DF|1|0|0|0|0|0|0|0|0|1|0|0|0
S|EXONA|38904444|-8016667| |TF|0|0|0|0|0|0|0|0|0|0|0|0|0

P|FTM2N|03|FTM|0|4
S|ROKOB|38853056|-9097500| |DF|0|0|0|0|0|0|1|3000|0|0|0|0|0
S|BOMKO|38953611|-9043611| |TF|0|0|0|0|0|0|1|4000|0|0|0|0|0
S|ALAMA|39223333|-8550000| |TF|0|0|0|0|0|0|1|7000|0|0|0|0|0
S|FTM|39665694|-8492639| |TF|0|0|0|0|0|0|0|0|0|0|0|0|0

P|FTM2N|35|FTM|0|5
S|DER35|38786233|-9137272| |DF|0|0|0|0|0|0|0|0|0|1|0|0|0
S|ROKOB|38853056|-9097500| |DF|0|0|0|0|0|0|1|3000|0|0|0|0|0
S|BOMKO|38953611|-9043611| |TF|0|0|0|0|0|0|1|4000|0|0|0|0|0
S|ALAMA|39223333|-8550000| |TF|0|0|0|0|0|0|1|7000|0|0|0|0|0
S|FTM|39665694|-8492639| |TF|0|0|0|0|0|0|0|0|0|0|0|0|0

P|FTM4S|21|FTM|0|4
S|NETVO|38640000|-9211389| |DF|0|0|0|0|0|0|1|3000|0|0|0|0|0
S|KELIK|38491944|-9006389| |TF|0|0|0|0|0|0|1|4000|0|0|0|0|0
S|GUDAV|38650556|-8583333| |TF|0|0|0|0|0|0|1|7000|0|0|0|0|0
S|FTM|39665694|-8492639| |TF|0|0|0|0|0|0|0|0|0|0|0|0|0

P|GAIO5N|03|GAIOS|0|5
S| |91000000|181000000| |CA|0|2600|0|0|0|0|1|2000|0|0|0|0|0
S|PT416|38828056|-9021667| |DF|0|0|0|0|0|0|1|3000|0|0|0|0|0
S|MONUR|38641644|-8996561| |TF|0|0|0|0|0|0|1|6000|0|0|0|0|0
S|MONUR|38641644|-8996561| |IF|0|0|0|0|0|0|1|6000|0|0|0|0|0
S|GAIOS|38275556|-8543056| |TF|0|0|0|0|0|0|0|0|0|0|0|0|0

P|GAIO5N|35|GAIOS|0|5
S| |91000000|181000000| |CA|0|35100|0|0|0|0|1|2000|0|0|0|0|0
S|PT416|38828056|-9021667| |DF|2|0|0|0|0|0|1|3000|0|0|0|0|0
S|MONUR|38641644|-8996561| |TF|0|0|0|0|0|0|1|6000|0|0|0|0|0
S|MONUR|38641644|-8996561| |IF|0|0|0|0|0|0|1|6000|0|0|0|0|0
S|GAIOS|38275556|-8543056| |TF|0|0|0|0|0|0|0|0|0|0|0|0|0

P|GAIO7S|21|GAIOS|0|3
S| |91000000|181000000| |CA|0|20600|0|0|0|0|1|780|0|0|0|0|0
S|NETVO|38640000|-9211389|ESP|CF|0|20600|1300|35770|800|0|1|3000|0|1|0|0|0
S|GAIOS|38275556|-8543056| |TF|0|0|0|0|0|0|0|0|0|0|0|0|0

P|GANS5N|03|GANSU|0|5
S| |91000000|181000000| |CA|0|2600|0|0|0|0|1|2000|0|0|0|0|0
S|PT416|38828056|-9021667| |DF|0|0|0|0|0|0|1|3000|0|0|0|0|0
S|MONUR|38641644|-8996561| |TF|0|0|0|0|0|0|1|6000|0|0|0|0|0
S|MONUR|38641644|-8996561| |IF|0|0|0|0|0|0|1|6000|0|0|0|0|0
S|GANSU|38000000|-9817500| |TF|0|0|0|0|0|0|0|0|0|0|0|0|0

P|GANS5N|35|GANSU|0|5
S| |91000000|181000000| |CA|0|35100|0|0|0|0|1|2000|0|0|0|0|0
S|PT416|38828056|-9021667| |DF|2|0|0|0|0|0|1|3000|0|0|0|0|0
S|MONUR|38641644|-8996561| |TF|0|0|0|0|0|0|1|6000|0|0|0|0|0
S|MONUR|38641644|-8996561| |IF|0|0|0|0|0|0|1|6000|0|0|0|0|0
S|GANSU|38000000|-9817500| |TF|0|0|0|0|0|0|0|0|0|0|0|0|0

P|GANS7S|21|GANSU|0|3
S| |91000000|181000000| |CA|0|20600|0|0|0|0|1|780|0|0|0|0|0
S|NETVO|38640000|-9211389|ESP|CF|0|20600|1300|35770|800|0|1|3000|0|1|0|0|0
S|GANSU|38000000|-9817500| |TF|0|0|0|0|0|0|0|0|0|0|0|0|0

P|IDBI4N|03|IDBID|0|4
S| |91000000|181000000| |CA|0|2600|0|0|0|0|1|2000|0|0|0|0|0
S|PT412|38886111|-9006389| |DF|0|0|0|0|0|0|1|4000|0|0|0|0|0
S|PT412|38886111|-9006389| |IF|0|0|0|0|0|0|1|4000|0|0|0|0|0
S|IDBID|39278333|-8016667| |TF|0|0|0|0|0|0|0|0|0|0|0|0|0

P|IDBI4N|35|IDBID|0|4
S| |91000000|181000000| |CA|0|35100|0|0|0|0|1|2000|0|0|0|0|0
S|PT412|38886111|-9006389| |DF|0|0|0|0|0|0|1|4000|0|0|0|0|0
S|PT412|38886111|-9006389| |IF|0|0|0|0|0|0|1|4000|0|0|0|0|0
S|IDBID|39278333|-8016667| |TF|0|0|0|0|0|0|0|0|0|0|0|0|0

P|INBO3S|21|INBOM|0|5
S| |91000000|181000000| |CA|0|20600|0|0|0|0|1|780|0|0|0|0|0
S|NETVO|38640000|-9211389|ESP|CF|0|20600|1300|35770|800|0|1|3000|0|1|0|0|0
S|GUDAV|38650556|-8583333| |DF|1|0|0|0|0|0|0|0|0|1|0|0|0
S|USIVI|39696389|-8211389| |TF|0|0|0|0|0|0|0|0|0|1|0|0|0
S|INBOM|40001944|-8301944| |TF|0|0|0|0|0|0|0|0|0|0|0|0|0

P|INBO4N|03|INBOM|0|5
S| |91000000|181000000| |CA|0|2600|0|0|0|0|1|2000|0|0|0|0|0
S|PT412|38886111|-9006389| |DF|0|0|0|0|0|0|1|4000|0|0|0|0|0
S|PT412|38886111|-9006389| |IF|0|0|0|0|0|0|1|4000|0|0|0|0|0
S|USIVI|39696389|-8211389| |TF|0|0|0|0|0|0|0|0|0|1|0|0|0
S|INBOM|40001944|-8301944| |TF|0|0|0|0|0|0|0|0|0|0|0|0|0

P|INBO4N|35|INBOM|0|5
S| |91000000|181000000| |CA|0|35100|0|0|0|0|1|2000|0|0|0|0|0
S|PT412|38886111|-9006389| |DF|0|0|0|0|0|0|1|4000|0|0|0|0|0
S|PT412|38886111|-9006389| |IF|0|0|0|0|0|0|1|4000|0|0|0|0|0
S|USIVI|39696389|-8211389| |TF|0|0|0|0|0|0|0|0|0|1|0|0|0
S|INBOM|40001944|-8301944| |TF|0|0|0|0|0|0|0|0|0|0|0|0|0

P|IXID2S|21|IXIDA|0|4
S| |91000000|181000000| |CA|0|20600|0|0|0|0|1|780|0|0|0|0|0
S|NETVO|38640000|-9211389|ESP|CF|0|20600|1300|35770|800|0|1|3000|0|1|0|0|0
S|GUDAV|38650556|-8583333| |DF|1|0|0|0|0|0|0|0|0|1|0|0|0
S|IXIDA|39655000|-8016667| |TF|0|0|0|0|0|0|0|0|0|0|0|0|0

P|IXID4N|03|IXIDA|0|4
S| |91000000|181000000| |CA|0|2600|0|0|0|0|1|2000|0|0|0|0|0
S|PT412|38886111|-9006389| |DF|0|0|0|0|0|0|1|4000|0|0|0|0|0
S|PT412|38886111|-9006389| |IF|0|0|0|0|0|0|1|4000|0|0|0|0|0
S|IXIDA|39655000|-8016667| |TF|0|0|0|0|0|0|0|0|0|0|0|0|0

P|IXID4N|35|IXIDA|0|4
S| |91000000|181000000| |CA|0|35100|0|0|0|0|1|2000|0|0|0|0|0
S|PT412|38886111|-9006389| |DF|0|0|0|0|0|0|1|4000|0|0|0|0|0
S|PT412|38886111|-9006389| |IF|0|0|0|0|0|0|1|4000|0|0|0|0|0
S|IXIDA|39655000|-8016667| |TF|0|0|0|0|0|0|0|0|0|0|0|0|0

P|LIGR5N|03|LIGRA|0|5
S| |91000000|181000000| |CA|0|2600|0|0|0|0|1|2000|0|0|0|0|0
S|PT416|38828056|-9021667| |DF|0|0|0|0|0|0|1|3000|0|0|0|0|0
S|MONUR|38641644|-8996561| |TF|0|0|0|0|0|0|1|6000|0|0|0|0|0
S|MONUR|38641644|-8996561| |IF|0|0|0|0|0|0|1|6000|0|0|0|0|0
S|LIGRA|38000000|-9590833| |TF|0|0|0|0|0|0|0|0|0|0|0|0|0

P|LIGR5N|35|LIGRA|0|5
S| |91000000|181000000| |CA|0|35100|0|0|0|0|1|2000|0|0|0|0|0
S|PT416|38828056|-9021667| |DF|2|0|0|0|0|0|1|3000|0|0|0|0|0
S|MONUR|38641644|-8996561| |TF|0|0|0|0|0|0|1|6000|0|0|0|0|0
S|MONUR|38641644|-8996561| |IF|0|0|0|0|0|0|1|6000|0|0|0|0|0
S|LIGRA|38000000|-9590833| |TF|0|0|0|0|0|0|0|0|0|0|0|0|0

P|LIGR7S|21|LIGRA|0|3
S| |91000000|181000000| |CA|0|20600|0|0|0|0|1|780|0|0|0|0|0
S|NETVO|38640000|-9211389|ESP|CF|0|20600|1300|35770|800|0|1|3000|0|1|0|0|0
S|LIGRA|38000000|-9590833| |TF|0|0|0|0|0|0|0|0|0|0|0|0|0

P|NAKO5N|03|NAKOS|0|5
S| |91000000|181000000| |CA|0|2600|0|0|0|0|1|2000|0|0|0|0|0
S|PT416|38828056|-9021667| |DF|0|0|0|0|0|0|1|3000|0|0|0|0|0
S|MONUR|38641644|-8996561| |TF|0|0|0|0|0|0|1|6000|0|0|0|0|0
S|MONUR|38641644|-8996561| |IF|0|0|0|0|0|0|1|6000|0|0|0|0|0
S|NAKOS|38000000|-9334444| |TF|0|0|0|0|0|0|0|0|0|0|0|0|0

P|NAKO5N|35|NAKOS|0|5
S| |91000000|181000000| |CA|0|35100|0|0|0|0|1|2000|0|0|0|0|0
S|PT416|38828056|-9021667| |DF|2|0|0|0|0|0|1|3000|0|0|0|0|0
S|MONUR|38641644|-8996561| |TF|0|0|0|0|0|0|1|6000|0|0|0|0|0
S|MONUR|38641644|-8996561| |IF|0|0|0|0|0|0|1|6000|0|0|0|0|0
S|NAKOS|38000000|-9334444| |TF|0|0|0|0|0|0|0|0|0|0|0|0|0

P|NAKO7S|21|NAKOS|0|3
S| |91000000|181000000| |CA|0|20600|0|0|0|0|1|780|0|0|0|0|0
S|NETVO|38640000|-9211389|ESP|CF|0|20600|1300|35770|800|0|1|3000|0|1|0|0|0
S|NAKOS|38000000|-9334444| |TF|0|0|0|0|0|0|0|0|0|0|0|0|0

P|TROI5N|03|TROIA|0|5
S| |91000000|181000000| |CA|0|2600|0|0|0|0|1|2000|0|0|0|0|0
S|PT416|38828056|-9021667| |DF|0|0|0|0|0|0|1|3000|0|0|0|0|0
S|MONUR|38641644|-8996561| |TF|0|0|0|0|0|0|1|6000|0|0|0|0|0
S|MONUR|38641644|-8996561| |IF|0|0|0|0|0|0|1|6000|0|0|0|0|0
S|TROIA|38073333|-8879167| |TF|0|0|0|0|0|0|0|0|0|0|0|0|0

P|TROI5N|35|TROIA|0|5
S| |91000000|181000000| |CA|0|35100|0|0|0|0|1|2000|0|0|0|0|0
S|PT416|38828056|-9021667| |DF|2|0|0|0|0|0|1|3000|0|0|0|0|0
S|MONUR|38641644|-8996561| |TF|0|0|0|0|0|0|1|6000|0|0|0|0|0
S|MONUR|38641644|-8996561| |IF|0|0|0|0|0|0|1|6000|0|0|0|0|0
S|TROIA|38073333|-8879167| |TF|0|0|0|0|0|0|0|0|0|0|0|0|0

P|TROI7S|21|TROIA|0|3
S| |91000000|181000000| |CA|0|20600|0|0|0|0|1|780|0|0|0|0|0
S|NETVO|38640000|-9211389|ESP|CF|0|20600|1300|35770|800|0|1|3000|0|1|0|0|0
S|TROIA|38073333|-8879167| |TF|0|0|0|0|0|0|0|0|0|0|0|0|0

