P|BUSE4B|21|BUSEN|0|10
S|BUSEN|38545000|-10000000| |IF|0|0|0|0|0|280|2|25000|0|0|0|0|0
S|EKMAR|38557500|-9521389| |TF|0|0|0|0|0|250|0|0|0|0|0|0|0
S|ODLIX|38678889|-9317222| |TF|0|0|0|0|0|0|0|0|0|0|0|0|0
S|PT405|39079122|-9060036| |TF|0|0|0|0|0|220|0|0|0|0|0|0|0
S|PT407|39170611|-8967744| |TF|0|0|0|0|0|0|0|0|0|0|0|0|0
S|PT408|39262031|-8875214| |TF|0|0|0|0|0|0|0|0|0|0|0|0|0
S|RINOR|39210372|-8791017| |TF|0|0|0|0|0|0|1|7000|0|0|0|0|0
S|PT410|39119019|-8883592| |TF|0|0|0|0|0|0|0|0|0|0|0|0|0
S|PT411|39027594|-8975928| |TF|0|0|0|0|0|0|0|0|0|0|0|0|0
S|UPKAT|38966389|-9036667| |TF|0|0|0|0|0|180|1|4000|0|0|0|0|0

P|BUSE4D|21|BUSEN|0|8
S|BUSEN|38545000|-10000000| |IF|0|0|0|0|0|280|2|25000|0|0|0|0|0
S|EKMAR|38557500|-9521389| |TF|0|0|0|0|0|250|0|0|0|0|0|0|0
S|PT414|38753889|-9423611| |TF|0|0|0|0|0|0|0|0|0|0|0|0|0
S|PINIM|38917417|-9341819| |TF|0|0|0|0|0|0|0|0|0|0|0|0|0
S|UMUPI|39254572|-9171819| |TF|0|0|0|0|0|220|0|0|0|0|0|0|0
S|PT415|39194167|-9043333| |TF|0|0|0|0|0|0|1|7000|0|0|0|0|0
S|PT411|39027594|-8975928| |TF|0|0|0|0|0|0|0|0|0|0|0|0|0
S|UPKAT|38966389|-9036667| |TF|0|0|0|0|0|180|1|4000|0|0|0|0|0

P|BUSE4P|03|PESEX|0|7
S|BUSEN|38545000|-10000000| |IF|0|0|0|0|0|250|2|17000|0|0|0|0|0
S|PT418|38554272|-9648864| |TF|0|0|0|0|0|0|1|4000|0|0|0|0|0
S|EKMAR|38557500|-9521389| |TF|0|0|0|0|0|220|1|4000|0|0|0|0|0
S|PT420|38498975|-9428853| |TF|0|0|0|0|0|220|1|4000|0|0|0|0|0
S|PT421|38455347|-9309775| |TF|0|0|0|0|0|200|1|4000|0|0|0|0|0
S|PT422|38516922|-9277039| |TF|0|0|0|0|0|0|1|4000|0|0|0|0|0
S|PESEX|38592339|-9236858| |TF|0|0|0|0|0|180|1|4000|0|0|0|0|0

P|BUSE4P|35|PESEX|0|7
S|BUSEN|38545000|-10000000| |IF|0|0|0|0|0|250|2|17000|0|0|0|0|0
S|PT418|38554272|-9648864| |TF|0|0|0|0|0|0|1|4000|0|0|0|0|0
S|EKMAR|38557500|-9521389| |TF|0|0|0|0|0|220|1|4000|0|0|0|0|0
S|PT420|38498975|-9428853| |TF|0|0|0|0|0|220|1|4000|0|0|0|0|0
S|PT421|38455347|-9309775| |TF|0|0|0|0|0|200|1|4000|0|0|0|0|0
S|PT422|38516922|-9277039| |TF|0|0|0|0|0|0|1|4000|0|0|0|0|0
S|PESEX|38592339|-9236858| |TF|0|0|0|0|0|180|1|4000|0|0|0|0|0

P|EXON8A|03|PESEX|0|7
S|EXONA|38904444|-8016667| |IF|0|0|0|0|0|280|2|23000|0|0|0|0|0
S|ADSAD|38477958|-8981186| |TF|0|0|0|0|0|220|1|4000|0|0|0|0|0
S|PT419|38449261|-9090397| |TF|0|0|0|0|0|0|1|4000|0|0|0|0|0
S|GODGI|38424167|-9185556| |TF|0|0|0|0|0|220|1|4000|0|0|0|0|0
S|PT421|38455347|-9309775| |TF|0|0|0|0|0|200|1|4000|0|0|0|0|0
S|PT422|38516922|-9277039| |TF|0|0|0|0|0|0|1|4000|0|0|0|0|0
S|PESEX|38592339|-9236858| |TF|0|0|0|0|0|180|1|4000|0|0|0|0|0

P|EXON8A|35|PESEX|0|7
S|EXONA|38904444|-8016667| |IF|0|0|0|0|0|280|2|23000|0|0|0|0|0
S|ADSAD|38477958|-8981186| |TF|0|0|0|0|0|220|1|4000|0|0|0|0|0
S|PT419|38449261|-9090397| |TF|0|0|0|0|0|0|1|4000|0|0|0|0|0
S|GODGI|38424167|-9185556| |TF|0|0|0|0|0|220|1|4000|0|0|0|0|0
S|PT421|38455347|-9309775| |TF|0|0|0|0|0|200|1|4000|0|0|0|0|0
S|PT422|38516922|-9277039| |TF|0|0|0|0|0|0|1|4000|0|0|0|0|0
S|PESEX|38592339|-9236858| |TF|0|0|0|0|0|180|1|4000|0|0|0|0|0

P|GAIO4D|21|GAIOS|0|8
S|GAIOS|38275556|-8543056| |IF|0|0|0|0|0|280|2|25000|0|0|0|0|0
S|EKMAR|38557500|-9521389| |TF|0|0|0|0|0|250|0|0|0|0|0|0|0
S|PT414|38753889|-9423611| |TF|0|0|0|0|0|0|1|7000|0|0|0|0|0
S|PINIM|38917417|-9341819| |TF|0|0|0|0|0|0|0|0|0|0|0|0|0
S|UMUPI|39254572|-9171819| |TF|0|0|0|0|0|220|0|0|0|0|0|0|0
S|PT415|39194167|-9043333| |TF|0|0|0|0|0|0|1|7000|0|0|0|0|0
S|PT411|39027594|-8975928| |TF|0|0|0|0|0|0|0|0|0|0|0|0|0
S|UPKAT|38966389|-9036667| |TF|0|0|0|0|0|180|1|4000|0|0|0|0|0

P|GAIO7B|21|GAIOS|0|11
S|GAIOS|38275556|-8543056| |IF|0|0|0|0|0|280|2|25000|0|0|0|0|0
S|GODGI|38424167|-9185556| |TF|0|0|0|0|0|0|0|0|0|0|0|0|0
S|EKMAR|38557500|-9521389| |TF|0|0|0|0|0|250|0|0|0|0|0|0|0
S|ODLIX|38678889|-9317222| |TF|0|0|0|0|0|0|0|0|0|0|0|0|0
S|PT405|39079122|-9060036| |TF|0|0|0|0|0|220|0|0|0|0|0|0|0
S|PT407|39170611|-8967744| |TF|0|0|0|0|0|0|0|0|0|0|0|0|0
S|PT408|39262031|-8875214| |TF|0|0|0|0|0|0|0|0|0|0|0|0|0
S|RINOR|39210372|-8791017| |TF|0|0|0|0|0|0|1|7000|0|0|0|0|0
S|PT410|39119019|-8883592| |TF|0|0|0|0|0|0|0|0|0|0|0|0|0
S|PT411|39027594|-8975928| |TF|0|0|0|0|0|0|0|0|0|0|0|0|0
S|UPKAT|38966389|-9036667| |TF|0|0|0|0|0|180|1|4000|0|0|0|0|0

P|GAIO8A|03|PESEX|0|7
S|GAIOS|38275556|-8543056| |IF|0|0|0|0|0|250|2|17000|0|0|0|0|0
S|ADSAD|38477958|-8981186| |TF|0|0|0|0|0|220|1|4000|0|0|0|0|0
S|PT419|38449261|-9090397| |TF|0|0|0|0|0|0|1|4000|0|0|0|0|0
S|GODGI|38424167|-9185556| |TF|0|0|0|0|0|220|1|4000|0|0|0|0|0
S|PT421|38455347|-9309775| |TF|0|0|0|0|0|200|1|4000|0|0|0|0|0
S|PT422|38516922|-9277039| |TF|0|0|0|0|0|0|1|4000|0|0|0|0|0
S|PESEX|38592339|-9236858| |TF|0|0|0|0|0|180|1|4000|0|0|0|0|0

P|GAIO8A|35|PESEX|0|7
S|GAIOS|38275556|-8543056| |IF|0|0|0|0|0|250|2|17000|0|0|0|0|0
S|ADSAD|38477958|-8981186| |TF|0|0|0|0|0|220|1|4000|0|0|0|0|0
S|PT419|38449261|-9090397| |TF|0|0|0|0|0|0|1|4000|0|0|0|0|0
S|GODGI|38424167|-9185556| |TF|0|0|0|0|0|220|1|4000|0|0|0|0|0
S|PT421|38455347|-9309775| |TF|0|0|0|0|0|200|1|4000|0|0|0|0|0
S|PT422|38516922|-9277039| |TF|0|0|0|0|0|0|1|4000|0|0|0|0|0
S|PESEX|38592339|-9236858| |TF|0|0|0|0|0|180|1|4000|0|0|0|0|0

P|IDBI7B|21|IDBID|0|6
S|IDBID|39278333|-8016667| |IF|0|0|0|0|0|250|2|19000|0|0|0|0|0
S|AGUVO|39272033|-8141178| |TF|0|0|0|0|0|0|0|0|0|0|0|0|0
S|RINOR|39210372|-8791017| |TF|0|0|0|0|0|220|1|7000|0|0|0|0|0
S|PT410|39119019|-8883592| |TF|0|0|0|0|0|0|0|0|0|0|0|0|0
S|PT411|39027594|-8975928| |TF|0|0|0|0|0|0|0|0|0|0|0|0|0
S|UPKAT|38966389|-9036667| |TF|0|0|0|0|0|180|1|4000|0|0|0|0|0

P|INBO5B|21|INBOM|0|6
S|INBOM|40001944|-8301944| |IF|0|0|0|0|0|280|2|25000|0|0|0|0|0
S|FTM|39665694|-8492639| |TF|0|0|0|0|0|250|0|0|0|1|0|0|0
S|RINOR|39210372|-8791017| |TF|0|0|0|0|0|220|1|7000|0|0|0|0|0
S|PT410|39119019|-8883592| |TF|0|0|0|0|0|0|0|0|0|0|0|0|0
S|PT411|39027594|-8975928| |TF|0|0|0|0|0|0|0|0|0|0|0|0|0
S|UPKAT|38966389|-9036667| |TF|0|0|0|0|0|180|1|4000|0|0|0|0|0

P|INBO7K|03|INBOM|0|8
S|INBOM|40001944|-8301944| |IF|0|0|0|0|0|280|2|29000|0|0|0|0|0
S|FTM|39665694|-8492639| |TF|0|0|0|0|0|280|2|25000|0|1|0|0|0
S|PT405|39079122|-9060036| |TF|0|0|0|0|0|0|3|20000|13500|0|0|0|0
S|ODLIX|38678889|-9317222| |TF|0|0|0|0|0|0|3|11000|8000|0|0|0|0
S|PT401|38618958|-9354397| |TF|0|0|0|0|0|0|3|9100|7000|0|0|0|0
S|PT402|38558981|-9391650| |TF|0|0|0|0|0|0|3|7700|6300|0|0|0|0
S|PT422|38516922|-9277039| |TF|0|0|0|0|0|0|3|5700|5000|0|0|0|0
S|PESEX|38592339|-9236858| |TF|0|0|0|0|0|180|0|4000|0|0|0|0|0

P|INBO8A|03|PESEX|0|10
S|INBOM|40001944|-8301944| |IF|0|0|0|0|0|280|2|29000|0|0|0|0|0
S|FTM|39665694|-8492639| |TF|0|0|0|0|0|280|2|25000|0|1|0|0|0
S|PT405|39079122|-9060036| |TF|0|0|0|0|0|250|1|7000|0|0|0|0|0
S|ODLIX|38678889|-9317222| |TF|0|0|0|0|0|220|1|4000|0|0|0|0|0
S|PT401|38618958|-9354397| |TF|0|0|0|0|0|0|1|4000|0|0|0|0|0
S|PT402|38558981|-9391650| |TF|0|0|0|0|0|0|1|4000|0|0|0|0|0
S|PT420|38498975|-9428853| |TF|0|0|0|0|0|220|1|4000|0|0|0|0|0
S|PT421|38455347|-9309775| |TF|0|0|0|0|0|200|1|4000|0|0|0|0|0
S|PT422|38516922|-9277039| |TF|0|0|0|0|0|0|1|4000|0|0|0|0|0
S|PESEX|38592339|-9236858| |TF|0|0|0|0|0|180|1|4000|0|0|0|0|0

P|INBO8A|35|PESEX|0|10
S|INBOM|40001944|-8301944| |IF|0|0|0|0|0|280|2|29000|0|0|0|0|0
S|FTM|39665694|-8492639| |TF|0|0|0|0|0|280|2|25000|0|1|0|0|0
S|PT405|39079122|-9060036| |TF|0|0|0|0|0|250|1|7000|0|0|0|0|0
S|ODLIX|38678889|-9317222| |TF|0|0|0|0|0|220|1|4000|0|0|0|0|0
S|PT401|38618958|-9354397| |TF|0|0|0|0|0|0|1|4000|0|0|0|0|0
S|PT402|38558981|-9391650| |TF|0|0|0|0|0|0|1|4000|0|0|0|0|0
S|PT420|38498975|-9428853| |TF|0|0|0|0|0|220|1|4000|0|0|0|0|0
S|PT421|38455347|-9309775| |TF|0|0|0|0|0|200|1|4000|0|0|0|0|0
S|PT422|38516922|-9277039| |TF|0|0|0|0|0|0|1|4000|0|0|0|0|0
S|PESEX|38592339|-9236858| |TF|0|0|0|0|0|180|1|4000|0|0|0|0|0

P|LIGR4B|21|LIGRA|0|10
S|LIGRA|38000000|-9590833| |IF|0|0|0|0|0|280|2|25000|0|0|0|0|0
S|EKMAR|38557500|-9521389| |TF|0|0|0|0|0|250|0|0|0|0|0|0|0
S|ODLIX|38678889|-9317222| |TF|0|0|0|0|0|0|0|0|0|0|0|0|0
S|PT405|39079122|-9060036| |TF|0|0|0|0|0|220|0|0|0|0|0|0|0
S|PT407|39170611|-8967744| |TF|0|0|0|0|0|0|0|0|0|0|0|0|0
S|PT408|39262031|-8875214| |TF|0|0|0|0|0|0|0|0|0|0|0|0|0
S|RINOR|39210372|-8791017| |TF|0|0|0|0|0|0|1|7000|0|0|0|0|0
S|PT410|39119019|-8883592| |TF|0|0|0|0|0|0|0|0|0|0|0|0|0
S|PT411|39027594|-8975928| |TF|0|0|0|0|0|0|0|0|0|0|0|0|0
S|UPKAT|38966389|-9036667| |TF|0|0|0|0|0|180|1|4000|0|0|0|0|0

P|LIGR4D|21|LIGRA|0|8
S|LIGRA|38000000|-9590833| |IF|0|0|0|0|0|280|2|25000|0|0|0|0|0
S|EKMAR|38557500|-9521389| |TF|0|0|0|0|0|250|0|0|0|0|0|0|0
S|PT414|38753889|-9423611| |TF|0|0|0|0|0|0|0|0|0|0|0|0|0
S|PINIM|38917417|-9341819| |TF|0|0|0|0|0|0|0|0|0|0|0|0|0
S|UMUPI|39254572|-9171819| |TF|0|0|0|0|0|220|0|0|0|0|0|0|0
S|PT415|39194167|-9043333| |TF|0|0|0|0|0|0|1|7000|0|0|0|0|0
S|PT411|39027594|-8975928| |TF|0|0|0|0|0|0|0|0|0|0|0|0|0
S|UPKAT|38966389|-9036667| |TF|0|0|0|0|0|180|1|4000|0|0|0|0|0

P|LIGR8A|03|PESEX|0|7
S|LIGRA|38000000|-9590833| |IF|0|0|0|0|0|250|2|19000|0|0|0|0|0
S|PT418|38554272|-9648864| |TF|0|0|0|0|0|0|1|4000|0|0|0|0|0
S|EKMAR|38557500|-9521389| |TF|0|0|0|0|0|220|1|4000|0|0|0|0|0
S|PT420|38498975|-9428853| |TF|0|0|0|0|0|220|1|4000|0|0|0|0|0
S|PT421|38455347|-9309775| |TF|0|0|0|0|0|200|1|4000|0|0|0|0|0
S|PT422|38516922|-9277039| |TF|0|0|0|0|0|0|1|4000|0|0|0|0|0
S|PESEX|38592339|-9236858| |TF|0|0|0|0|0|180|1|4000|0|0|0|0|0

P|LIGR8A|35|PESEX|0|7
S|LIGRA|38000000|-9590833| |IF|0|0|0|0|0|250|2|19000|0|0|0|0|0
S|PT418|38554272|-9648864| |TF|0|0|0|0|0|0|1|4000|0|0|0|0|0
S|EKMAR|38557500|-9521389| |TF|0|0|0|0|0|220|1|4000|0|0|0|0|0
S|PT420|38498975|-9428853| |TF|0|0|0|0|0|220|1|4000|0|0|0|0|0
S|PT421|38455347|-9309775| |TF|0|0|0|0|0|200|1|4000|0|0|0|0|0
S|PT422|38516922|-9277039| |TF|0|0|0|0|0|0|1|4000|0|0|0|0|0
S|PESEX|38592339|-9236858| |TF|0|0|0|0|0|180|1|4000|0|0|0|0|0

P|NAKO4B|21|NAKOS|0|10
S|NAKOS|38000000|-9334444| |IF|0|0|0|0|0|280|2|25000|0|0|0|0|0
S|EKMAR|38557500|-9521389| |TF|0|0|0|0|0|250|0|0|0|0|0|0|0
S|ODLIX|38678889|-9317222| |TF|0|0|0|0|0|0|0|0|0|0|0|0|0
S|PT405|39079122|-9060036| |TF|0|0|0|0|0|220|0|0|0|0|0|0|0
S|PT407|39170611|-8967744| |TF|0|0|0|0|0|0|0|0|0|0|0|0|0
S|PT408|39262031|-8875214| |TF|0|0|0|0|0|0|0|0|0|0|0|0|0
S|RINOR|39210372|-8791017| |TF|0|0|0|0|0|0|1|7000|0|0|0|0|0
S|PT410|39119019|-8883592| |TF|0|0|0|0|0|0|0|0|0|0|0|0|0
S|PT411|39027594|-8975928| |TF|0|0|0|0|0|0|0|0|0|0|0|0|0
S|UPKAT|38966389|-9036667| |TF|0|0|0|0|0|180|1|4000|0|0|0|0|0

P|NAKO4D|21|NAKOS|0|8
S|NAKOS|38000000|-9334444| |IF|0|0|0|0|0|280|2|25000|0|0|0|0|0
S|EKMAR|38557500|-9521389| |TF|0|0|0|0|0|250|0|0|0|0|0|0|0
S|PT414|38753889|-9423611| |TF|0|0|0|0|0|0|1|7000|0|0|0|0|0
S|PINIM|38917417|-9341819| |TF|0|0|0|0|0|0|0|0|0|0|0|0|0
S|UMUPI|39254572|-9171819| |TF|0|0|0|0|0|220|0|0|0|0|0|0|0
S|PT415|39194167|-9043333| |TF|0|0|0|0|0|0|1|7000|0|0|0|0|0
S|PT411|39027594|-8975928| |TF|0|0|0|0|0|0|0|0|0|0|0|0|0
S|UPKAT|38966389|-9036667| |TF|0|0|0|0|0|180|1|4000|0|0|0|0|0

P|NAKO8A|03|PESEX|0|8
S|NAKOS|38000000|-9334444| |IF|0|0|0|0|0|250|2|19000|0|0|0|0|0
S|PT409|38379722|-8956389| |TF|0|0|0|0|0|0|1|4000|0|0|0|0|0
S|ADSAD|38477958|-8981186| |TF|0|0|0|0|0|220|1|4000|0|0|0|0|0
S|PT419|38449261|-9090397| |TF|0|0|0|0|0|0|1|4000|0|0|0|0|0
S|GODGI|38424167|-9185556| |TF|0|0|0|0|0|220|1|4000|0|0|0|0|0
S|PT421|38455347|-9309775| |TF|0|0|0|0|0|200|1|4000|0|0|0|0|0
S|PT422|38516922|-9277039| |TF|0|0|0|0|0|0|1|4000|0|0|0|0|0
S|PESEX|38592339|-9236858| |TF|0|0|0|0|0|180|1|4000|0|0|0|0|0

P|NAKO8A|35|PESEX|0|8
S|NAKOS|38000000|-9334444| |IF|0|0|0|0|0|250|2|19000|0|0|0|0|0
S|PT409|38379722|-8956389| |TF|0|0|0|0|0|0|1|4000|0|0|0|0|0
S|ADSAD|38477958|-8981186| |TF|0|0|0|0|0|220|1|4000|0|0|0|0|0
S|PT419|38449261|-9090397| |TF|0|0|0|0|0|0|1|4000|0|0|0|0|0
S|GODGI|38424167|-9185556| |TF|0|0|0|0|0|220|1|4000|0|0|0|0|0
S|PT421|38455347|-9309775| |TF|0|0|0|0|0|200|1|4000|0|0|0|0|0
S|PT422|38516922|-9277039| |TF|0|0|0|0|0|0|1|4000|0|0|0|0|0
S|PESEX|38592339|-9236858| |TF|0|0|0|0|0|180|1|4000|0|0|0|0|0

P|TROI4B|21|TROIA|0|10
S|TROIA|38073333|-8879167| |IF|0|0|0|0|0|280|2|25000|0|0|0|0|0
S|EKMAR|38557500|-9521389| |TF|0|0|0|0|0|250|0|0|0|0|0|0|0
S|ODLIX|38678889|-9317222| |TF|0|0|0|0|0|0|0|0|0|0|0|0|0
S|PT405|39079122|-9060036| |TF|0|0|0|0|0|220|0|0|0|0|0|0|0
S|PT407|39170611|-8967744| |TF|0|0|0|0|0|0|0|0|0|0|0|0|0
S|PT408|39262031|-8875214| |TF|0|0|0|0|0|0|0|0|0|0|0|0|0
S|RINOR|39210372|-8791017| |TF|0|0|0|0|0|0|1|7000|0|0|0|0|0
S|PT410|39119019|-8883592| |TF|0|0|0|0|0|0|0|0|0|0|0|0|0
S|PT411|39027594|-8975928| |TF|0|0|0|0|0|0|0|0|0|0|0|0|0
S|UPKAT|38966389|-9036667| |TF|0|0|0|0|0|180|1|4000|0|0|0|0|0

P|TROI4D|21|TROIA|0|8
S|TROIA|38073333|-8879167| |IF|0|0|0|0|0|280|2|25000|0|0|0|0|0
S|EKMAR|38557500|-9521389| |TF|0|0|0|0|0|250|0|0|0|0|0|0|0
S|PT414|38753889|-9423611| |TF|0|0|0|0|0|0|1|7000|0|0|0|0|0
S|PINIM|38917417|-9341819| |TF|0|0|0|0|0|0|0|0|0|0|0|0|0
S|UMUPI|39254572|-9171819| |TF|0|0|0|0|0|220|0|0|0|0|0|0|0
S|PT415|39194167|-9043333| |TF|0|0|0|0|0|0|1|7000|0|0|0|0|0
S|PT411|39027594|-8975928| |TF|0|0|0|0|0|0|0|0|0|0|0|0|0
S|UPKAT|38966389|-9036667| |TF|0|0|0|0|0|180|1|4000|0|0|0|0|0

P|TROI8A|03|PESEX|0|8
S|TROIA|38073333|-8879167| |IF|0|0|0|0|0|250|2|17000|0|0|0|0|0
S|PT409|38379722|-8956389| |TF|0|0|0|0|0|0|1|4000|0|0|0|0|0
S|ADSAD|38477958|-8981186| |TF|0|0|0|0|0|220|1|4000|0|0|0|0|0
S|PT419|38449261|-9090397| |TF|0|0|0|0|0|0|1|4000|0|0|0|0|0
S|GODGI|38424167|-9185556| |TF|0|0|0|0|0|220|1|4000|0|0|0|0|0
S|PT421|38455347|-9309775| |TF|0|0|0|0|0|200|1|4000|0|0|0|0|0
S|PT422|38516922|-9277039| |TF|0|0|0|0|0|0|1|4000|0|0|0|0|0
S|PESEX|38592339|-9236858| |TF|0|0|0|0|0|180|1|4000|0|0|0|0|0

P|TROI8A|35|PESEX|0|8
S|TROIA|38073333|-8879167| |IF|0|0|0|0|0|250|2|17000|0|0|0|0|0
S|PT409|38379722|-8956389| |TF|0|0|0|0|0|0|1|4000|0|0|0|0|0
S|ADSAD|38477958|-8981186| |TF|0|0|0|0|0|220|1|4000|0|0|0|0|0
S|PT419|38449261|-9090397| |TF|0|0|0|0|0|0|1|4000|0|0|0|0|0
S|GODGI|38424167|-9185556| |TF|0|0|0|0|0|220|1|4000|0|0|0|0|0
S|PT421|38455347|-9309775| |TF|0|0|0|0|0|200|1|4000|0|0|0|0|0
S|PT422|38516922|-9277039| |TF|0|0|0|0|0|0|1|4000|0|0|0|0|0
S|PESEX|38592339|-9236858| |TF|0|0|0|0|0|180|1|4000|0|0|0|0|0

P|UNPO4B|21|UNPOT|0|10
S|UNPOT|38179444|-10000000| |IF|0|0|0|0|0|280|2|25000|0|0|0|0|0
S|EKMAR|38557500|-9521389| |TF|0|0|0|0|0|250|0|0|0|0|0|0|0
S|ODLIX|38678889|-9317222| |TF|0|0|0|0|0|0|0|0|0|0|0|0|0
S|PT405|39079122|-9060036| |TF|0|0|0|0|0|220|0|0|0|0|0|0|0
S|PT407|39170611|-8967744| |TF|0|0|0|0|0|0|0|0|0|0|0|0|0
S|PT408|39262031|-8875214| |TF|0|0|0|0|0|0|0|0|0|0|0|0|0
S|RINOR|39210372|-8791017| |TF|0|0|0|0|0|0|1|7000|0|0|0|0|0
S|PT410|39119019|-8883592| |TF|0|0|0|0|0|0|0|0|0|0|0|0|0
S|PT411|39027594|-8975928| |TF|0|0|0|0|0|0|0|0|0|0|0|0|0
S|UPKAT|38966389|-9036667| |TF|0|0|0|0|0|180|1|4000|0|0|0|0|0

P|UNPO5D|21|UNPOT|0|8
S|UNPOT|38179444|-10000000| |IF|0|0|0|0|0|280|2|25000|0|0|0|0|0
S|EKMAR|38557500|-9521389| |TF|0|0|0|0|0|250|0|0|0|0|0|0|0
S|PT414|38753889|-9423611| |TF|0|0|0|0|0|0|0|0|0|0|0|0|0
S|PINIM|38917417|-9341819| |TF|0|0|0|0|0|0|0|0|0|0|0|0|0
S|UMUPI|39254572|-9171819| |TF|0|0|0|0|0|220|0|0|0|0|0|0|0
S|PT415|39194167|-9043333| |TF|0|0|0|0|0|0|1|7000|0|0|0|0|0
S|PT411|39027594|-8975928| |TF|0|0|0|0|0|0|0|0|0|0|0|0|0
S|UPKAT|38966389|-9036667| |TF|0|0|0|0|0|180|1|4000|0|0|0|0|0

P|UNPO5K|03|UNPOT|0|4
S|UNPOT|38179444|-10000000| |IF|0|0|0|0|0|280|3|23000|15000|0|0|0|0
S|EKMAR|38557500|-9521389| |TF|0|0|0|0|0|0|3|10000|8000|0|0|0|0
S|PT422|38516922|-9277039| |TF|0|0|0|0|0|0|3|5700|5000|0|0|0|0
S|PESEX|38592339|-9236858| |TF|0|0|0|0|0|180|0|4000|0|0|0|0|0

P|UNPO8A|03|PESEX|0|7
S|UNPOT|38179444|-10000000| |IF|0|0|0|0|0|250|2|19000|0|0|0|0|0
S|PT418|38554272|-9648864| |TF|0|0|0|0|0|0|1|4000|0|0|0|0|0
S|EKMAR|38557500|-9521389| |TF|0|0|0|0|0|220|1|4000|0|0|0|0|0
S|PT420|38498975|-9428853| |TF|0|0|0|0|0|220|1|4000|0|0|0|0|0
S|PT421|38455347|-9309775| |TF|0|0|0|0|0|200|1|4000|0|0|0|0|0
S|PT422|38516922|-9277039| |TF|0|0|0|0|0|0|1|4000|0|0|0|0|0
S|PESEX|38592339|-9236858| |TF|0|0|0|0|0|180|1|4000|0|0|0|0|0

P|UNPO8A|35|PESEX|0|7
S|UNPOT|38179444|-10000000| |IF|0|0|0|0|0|250|2|19000|0|0|0|0|0
S|PT418|38554272|-9648864| |TF|0|0|0|0|0|0|1|4000|0|0|0|0|0
S|EKMAR|38557500|-9521389| |TF|0|0|0|0|0|220|1|4000|0|0|0|0|0
S|PT420|38498975|-9428853| |TF|0|0|0|0|0|220|1|4000|0|0|0|0|0
S|PT421|38455347|-9309775| |TF|0|0|0|0|0|200|1|4000|0|0|0|0|0
S|PT422|38516922|-9277039| |TF|0|0|0|0|0|0|1|4000|0|0|0|0|0
S|PESEX|38592339|-9236858| |TF|0|0|0|0|0|180|1|4000|0|0|0|0|0

P|XAMA5B|21|XAMAX|0|6
S|XAMAX|40031111|-8536111| |IF|0|0|0|0|0|280|2|25000|0|0|0|0|0
S|FTM|39665694|-8492639| |TF|0|0|0|0|0|250|0|0|0|1|0|0|0
S|RINOR|39210372|-8791017| |TF|0|0|0|0|0|220|1|7000|0|0|0|0|0
S|PT410|39119019|-8883592| |TF|0|0|0|0|0|0|0|0|0|0|0|0|0
S|PT411|39027594|-8975928| |TF|0|0|0|0|0|0|0|0|0|0|0|0|0
S|UPKAT|38966389|-9036667| |TF|0|0|0|0|0|180|1|4000|0|0|0|0|0

P|XAMA7D|21|XAMAX|0|6
S|XAMAX|40031111|-8536111| |IF|0|0|0|0|0|280|2|25000|0|0|0|0|0
S|BADUM|39721433|-8791739| |TF|0|0|0|0|0|250|0|0|0|0|0|0|0
S|UMUPI|39254572|-9171819| |TF|0|0|0|0|0|220|0|0|0|0|0|0|0
S|PT415|39194167|-9043333| |TF|0|0|0|0|0|0|1|7000|0|0|0|0|0
S|PT411|39027594|-8975928| |TF|0|0|0|0|0|0|0|0|0|0|0|0|0
S|UPKAT|38966389|-9036667| |TF|0|0|0|0|0|180|1|4000|0|0|0|0|0

P|XAMA7K|03|XAMAX|0|8
S|XAMAX|40031111|-8536111| |IF|0|0|0|0|0|280|2|29000|0|0|0|0|0
S|FTM|39665694|-8492639| |TF|0|0|0|0|0|280|2|25000|0|1|0|0|0
S|PT405|39079122|-9060036| |TF|0|0|0|0|0|0|3|20000|13500|0|0|0|0
S|ODLIX|38678889|-9317222| |TF|0|0|0|0|0|0|3|11000|8000|0|0|0|0
S|PT401|38618958|-9354397| |TF|0|0|0|0|0|0|3|9100|7000|0|0|0|0
S|PT402|38558981|-9391650| |TF|0|0|0|0|0|0|3|7700|6300|0|0|0|0
S|PT422|38516922|-9277039| |TF|0|0|0|0|0|0|3|5700|5000|0|0|0|0
S|PESEX|38592339|-9236858| |TF|0|0|0|0|0|180|0|4000|0|0|0|0|0

P|XAMA8A|03|PESEX|0|10
S|XAMAX|40031111|-8536111| |IF|0|0|0|0|0|280|2|29000|0|0|0|0|0
S|FTM|39665694|-8492639| |TF|0|0|0|0|0|280|2|25000|0|1|0|0|0
S|PT405|39079122|-9060036| |TF|0|0|0|0|0|250|1|7000|0|0|0|0|0
S|ODLIX|38678889|-9317222| |TF|0|0|0|0|0|220|1|4000|0|0|0|0|0
S|PT401|38618958|-9354397| |TF|0|0|0|0|0|0|1|4000|0|0|0|0|0
S|PT402|38558981|-9391650| |TF|0|0|0|0|0|0|1|4000|0|0|0|0|0
S|PT420|38498975|-9428853| |TF|0|0|0|0|0|220|1|4000|0|0|0|0|0
S|PT421|38455347|-9309775| |TF|0|0|0|0|0|200|1|4000|0|0|0|0|0
S|PT422|38516922|-9277039| |TF|0|0|0|0|0|0|1|4000|0|0|0|0|0
S|PESEX|38592339|-9236858| |TF|0|0|0|0|0|180|1|4000|0|0|0|0|0

P|XAMA8A|35|PESEX|0|10
S|XAMAX|40031111|-8536111| |IF|0|0|0|0|0|280|2|29000|0|0|0|0|0
S|FTM|39665694|-8492639| |TF|0|0|0|0|0|280|2|25000|0|1|0|0|0
S|PT405|39079122|-9060036| |TF|0|0|0|0|0|250|1|7000|0|0|0|0|0
S|ODLIX|38678889|-9317222| |TF|0|0|0|0|0|220|1|4000|0|0|0|0|0
S|PT401|38618958|-9354397| |TF|0|0|0|0|0|0|1|4000|0|0|0|0|0
S|PT402|38558981|-9391650| |TF|0|0|0|0|0|0|1|4000|0|0|0|0|0
S|PT420|38498975|-9428853| |TF|0|0|0|0|0|220|1|4000|0|0|0|0|0
S|PT421|38455347|-9309775| |TF|0|0|0|0|0|200|1|4000|0|0|0|0|0
S|PT422|38516922|-9277039| |TF|0|0|0|0|0|0|1|4000|0|0|0|0|0
S|PESEX|38592339|-9236858| |TF|0|0|0|0|0|180|1|4000|0|0|0|0|0

P|XAMA9C|03|PESEX|0|10
S|XAMAX|40031111|-8536111| |IF|0|0|0|0|0|280|2|29000|0|0|0|0|0
S|BADUM|39721433|-8791739| |TF|0|0|0|0|0|280|2|25000|0|0|0|0|0
S|UMUPI|39254572|-9171819| |TF|0|0|0|0|0|250|0|0|0|0|0|0|0
S|PINIM|38917417|-9341819| |TF|0|0|0|0|0|0|0|0|0|0|0|0|0
S|PT414|38753889|-9423611| |TF|0|0|0|0|0|0|1|7000|0|0|0|0|0
S|EKMAR|38557500|-9521389| |TF|0|0|0|0|0|220|1|4000|0|0|0|0|0
S|PT420|38498975|-9428853| |TF|0|0|0|0|0|220|1|4000|0|0|0|0|0
S|PT421|38455347|-9309775| |TF|0|0|0|0|0|200|1|4000|0|0|0|0|0
S|PT422|38516922|-9277039| |TF|0|0|0|0|0|0|1|4000|0|0|0|0|0
S|PESEX|38592339|-9236858| |TF|0|0|0|0|0|180|1|4000|0|0|0|0|0

P|XAMA9C|35|PESEX|0|10
S|XAMAX|40031111|-8536111| |IF|0|0|0|0|0|280|2|29000|0|0|0|0|0
S|BADUM|39721433|-8791739| |TF|0|0|0|0|0|280|2|25000|0|0|0|0|0
S|UMUPI|39254572|-9171819| |TF|0|0|0|0|0|250|0|0|0|0|0|0|0
S|PINIM|38917417|-9341819| |TF|0|0|0|0|0|0|0|0|0|0|0|0|0
S|PT414|38753889|-9423611| |TF|0|0|0|0|0|0|1|7000|0|0|0|0|0
S|EKMAR|38557500|-9521389| |TF|0|0|0|0|0|220|1|4000|0|0|0|0|0
S|PT420|38498975|-9428853| |TF|0|0|0|0|0|220|1|4000|0|0|0|0|0
S|PT421|38455347|-9309775| |TF|0|0|0|0|0|200|1|4000|0|0|0|0|0
S|PT422|38516922|-9277039| |TF|0|0|0|0|0|0|1|4000|0|0|0|0|0
S|PESEX|38592339|-9236858| |TF|0|0|0|0|0|180|1|4000|0|0|0|0|0

